0
0
0
0
0
0
0
0
17
7
16
0
9
0
15
0
0
8
0
0
0
0
0
0
0
10
17
7
13
0
0
7
0
12
0
0
4
0
0
0
0
7
0
0
0
0
14
0
0
19
11
0
0
0
12
0
0
0
16
8
0
11
5
8
13
0
0
0
0
11
0
17
0
0
16
0
0
5
0
0
0
18
0
11
0
0
9
0
0
0
0
1
0
0
0
14
13
4
0
0
17
4
15
0
2
0
0
0
10
8
0
1
7
0
8
0
18
0
0
0
0
0
0
0
0
0
3
0
0
19
0
8
0
0
17
0
0
13
2
2
0
7
16
6
7
14
0
0
0
6
0
0
0
0
19
10
0
0
6
5
12
17
0
0
0
0
0
0
11
0
18
0
0
5
0
12
0
0
4
0
0
11
0
0
18
0
0
0
12
7
13
4
0
0
3
12
0
0
0
17
6
0
0
0
0
12
0
5
0
0
17
0
15
0
19
0
0
16
7
0
0
0
0
0
0
19
6
0
0
0
3
0
14
1
0
0
0
0
7
17
0
0
4
0
0
0
0
12
0
16
0
0
0
8
0
0
0
0
16
11
0
3
8
13
0
18
0
17
0
11
0
0
9
3
0
0
0
6
0
0
0
0
0
0
0
0
11
0
0
14
0
0
0
0
0
0
5
9
19
3
19
13
4
3
17
2
5
16
17
15
0
18
13
0
1
0
0
9
7
0
0
0
0
0
4
0
12
0
0
0
0
0
11
0
0
0
0
0
9
0
7
0
0
12
0
15
0
3
19
0
0
0
0
11
0
0
2
15
0
19
8
0
15
0
3
13
0
0
7
11
12
0
0
15
0
0
16
7
0
0
0
0
0
6
0
12
0
0
16
0
15
6
0
12
10
19
0
0
7
0
8
10
17
0
9
0
0
0
16
0
0
0
1
0
2
10
0
17
17
0
0
0
0
11
0
14
0
0
0
0
13
0
0
1
11
2
2
0
0
0
0
4
15
2
17
0
18
10
0
0
0
4
0
6
0
0
0
0
3
1
0
0
0
13
0
0
11
0
1
2
8
0
0
0
5
4
0
0
13
0
0
16
0
0
1
0
17
0
15
5
0
0
0
0
0
0
0
0
0
0
4
0
5
0
13
15
0
0
0
0
0
0
0
0
0
14
0
0
0
7
0
0
0
0
0
3
8
0
0
0
1
2
0
11
0
0
7
1
12
0
0
0
0
0
16
0
0
0
0
0
0
7
0
2
0
1
9
0
0
13
19
0
0
0
6
0
17
0
16
13
0
0
6
0
10
0
0
0
0
15
0
3
0
10
10
19
0
5
7
18
0
0
0
6
0
0
0
0
8
0
4
8
9
0
9
4
0
0
0
0
0
16
0
7
0
0
11
0
10
13
6
0
0
0
5
6
19
0
0
0
0
18
0
0
0
0
0
14
0
0
0
11
0
0
11
0
14
8
6
3
0
0
0
0
1
0
4
0
0
0
0
0
0
7
0
0
0
0
5
0
3
0
0
3
12
14
0
0
0
0
0
15
0
0
7
0
0
0
0
0
0
0
0
11
8
3
0
0
0
0
14
0
13
0
0
0
0
13
0
0
10
0
0
0
0
0
0
0
0
0
4
0
2
1
9
8
13
15
11
0
0
0
0
0
3
8
0
5
10
11
11
0
0
0
0
0
1
0
0
7
10
0
0
0
0
2
0
0
14
14
0
6
0
13
0
0
12
0
9
12
10
17
0
0
15
8
0
18
17
0
15
0
0
5
0
0
10
1
0
18
0
0
5
0
9
0
0
0
18
16
10
0
0
0
0
0
0
0
10
13
13
0
0
0
2
8
0
0
0
0
0
2
0
0
0
0
9
7
0
10
6
2
9
16
17
19
13
0
0
0
0
0
6
5
13
0
0
18
0
0
0
0
6
0
0
0
1
0
0
0
0
4
0
1
8
0
0
0
0
18
0
0
0
14
0
3
0
19
0
12
1
0
0
0
0
0
15
0
0
0
0
6
0
6
17
0
16
16
0
0
0
0
11
0
0
0
17
0
0
0
17
4
0
0
6
12
0
0
11
0
0
14
9
0
0
11
0
0
0
0
12
9
0
0
0
12
0
5
0
0
0
10
12
0
0
4
0
6
13
18
7
1
6
0
17
2
0
15
0
0
0
7
12
0
0
4
5
18
0
10
0
0
3
0
0
2
5
19
16
18
0
0
0
11
11
13
0
0
1
4
0
19
18
0
0
0
0
0
10
10
