0
3
12
0
0
0
18
0
0
9
0
2
17
0
0
0
0
13
0
9
0
0
0
6
19
0
11
0
0
0
0
0
0
0
0
0
0
0
3
0
0
11
1
1
11
0
0
6
14
19
0
0
0
0
0
7
16
8
0
0
13
0
3
15
0
0
2
0
0
0
0
14
7
0
0
2
0
1
0
17
0
0
6
0
0
0
5
0
0
0
0
0
0
0
0
0
15
15
0
4
5
0
2
0
13
4
0
2
0
0
0
7
0
0
18
0
0
13
0
19
0
0
0
0
1
0
0
0
0
6
0
0
2
0
4
16
0
0
9
0
0
0
0
0
2
0
15
0
0
3
0
0
10
0
0
12
0
9
0
6
14
16
0
0
11
0
0
0
0
1
1
0
0
0
0
0
0
0
0
0
0
0
0
0
17
15
0
0
18
0
0
17
0
0
0
0
8
0
0
3
16
0
0
19
0
6
17
10
0
18
11
0
0
18
11
16
0
16
0
0
0
0
8
0
9
0
0
0
0
0
0
0
0
0
0
17
0
0
8
0
0
4
5
2
1
12
0
0
0
3
0
0
0
7
10
0
0
0
0
0
0
0
0
0
7
13
0
0
0
10
0
0
0
12
0
0
2
0
0
0
0
10
2
0
0
14
0
7
0
9
0
0
0
0
0
6
13
13
0
0
5
0
0
19
0
0
0
17
19
8
0
0
4
0
3
8
0
0
0
0
0
0
1
16
0
13
0
0
8
0
1
0
0
0
15
0
6
0
6
0
0
0
14
6
0
0
0
0
0
0
0
8
0
4
0
0
0
13
0
0
0
0
17
0
4
0
0
3
14
0
0
2
0
0
12
0
0
12
8
18
0
0
0
10
3
2
0
4
17
0
0
17
3
2
0
0
0
0
10
0
0
0
0
0
10
0
0
19
0
3
0
16
1
17
0
0
14
12
14
0
0
0
0
0
0
9
8
2
0
0
0
0
0
0
0
2
18
13
0
0
0
0
17
13
0
0
0
0
0
8
0
0
12
0
0
0
0
0
1
0
0
16
0
1
6
1
0
6
0
0
0
0
6
0
12
17
0
0
0
0
18
0
4
0
0
0
0
0
6
15
0
0
3
0
0
4
0
15
0
17
0
12
13
0
0
17
0
0
0
0
0
0
0
1
0
0
0
12
4
0
0
17
0
0
14
13
2
0
0
0
0
0
0
9
0
0
0
0
0
0
0
12
0
0
11
0
0
0
10
0
0
5
0
6
0
0
0
0
0
11
17
0
0
0
0
0
6
0
0
0
2
0
10
12
0
9
0
6
0
0
0
4
0
0
0
11
0
0
0
0
0
0
19
12
6
0
9
0
0
8
0
0
11
0
0
0
0
1
3
11
13
0
0
0
0
1
0
0
0
0
5
0
0
0
5
7
0
0
0
0
0
0
0
7
6
0
0
0
17
0
0
0
0
6
0
0
0
13
0
0
0
13
0
0
0
17
0
0
3
0
15
12
6
0
3
7
0
0
12
0
16
8
0
0
18
12
0
11
1
0
0
0
0
13
0
0
0
0
0
0
10
14
0
0
13
19
0
1
12
0
0
8
0
0
0
5
3
6
0
7
0
0
0
0
0
0
5
0
4
0
0
0
0
0
0
9
10
0
10
0
0
0
0
0
0
0
4
12
0
0
15
0
14
0
15
0
0
0
0
6
0
2
0
0
0
0
12
0
1
5
0
10
10
17
0
0
0
0
14
0
1
0
3
0
0
0
0
0
7
0
0
6
1
0
0
7
0
7
0
0
18
0
0
0
16
0
8
0
0
17
5
13
15
0
0
0
2
0
0
0
0
0
11
0
16
0
0
18
0
9
0
5
2
16
0
0
16
0
18
0
0
19
0
0
0
17
0
0
0
0
3
0
0
0
0
0
5
16
0
0
0
0
0
0
0
0
6
4
4
9
0
11
0
0
12
0
18
0
17
0
4
0
0
0
0
0
0
0
0
0
0
8
0
0
2
3
0
18
0
0
0
0
18
0
0
9
10
0
0
18
0
0
12
0
0
5
11
0
0
10
0
11
0
0
0
0
13
5
0
4
0
0
2
0
2
8
4
0
0
0
0
0
8
0
12
0
0
7
0
9
0
0
0
3
0
0
0
15
2
17
0
0
0
8
0
4
0
5
16
0
0
0
1
9
0
16
0
18
0
9
0
0
0
0
12
2
0
0
0
15
4
6
0
0
3
10
0
0
11
10
0
0
0
16
19
0
0
2
15
10
